 YN:   5.6727  1.9866  0.0478 0.3259 +- 0.0041  6.8175 +- 40.7763
 YN:   5.7618  1.9866  0.0481 0.3284 +- 0.0042  6.8293 +- 41.0987
 YN:   1.2683  1.9866  0.0505 0.0715 +- 0.0017  1.4155 +- 0.0592
 YN:   5.5720  1.9866  0.0475 0.3231 +- 0.0041  6.8038 +- 40.4071
 YN:   1.5045  1.9866  0.0571 0.0925 +- 0.0019  1.6189 +- 0.0853
 YN:   1.3988  1.9866  0.0608 0.0915 +- 0.0019  1.5052 +- 0.0698
 YN:   5.7405  1.9866  0.0481 0.3285 +- 0.0042  6.8262 +- 41.0154
 YN:   1.3663  1.9866  0.0621 0.0916 +- 0.0019  1.4743 +- 0.0649
 YN:   1.2259  1.9866  0.0683 0.0900 +- 0.0019  1.3178 +- 0.0484
 YN:   0.5452  1.9866  0.0322 0.0202 +- 0.0009  0.6261 +- 0.0139
 YN:   5.9358  1.9866  0.0493 0.3375 +- 0.0043  6.8506 +- 41.6863
 YN:   1.8556  1.9866  0.0466 0.0991 +- 0.0020  2.1255 +- 0.2450
 YN:   1.6653  1.9866  0.0510 0.0977 +- 0.0020  1.9142 +- 0.1665
 YN:   1.4942  1.9866  0.0590 0.0965 +- 0.0020  1.6361 +- 0.0921
 YN:   1.3380  1.9866  0.0653 0.0962 +- 0.0020  1.4734 +- 0.0671
 YN:   3.5004  1.9866  0.0457 0.2937 +- 0.0036  6.4228 +- 31.3458
 YN:   5.6098  1.9866  0.0349 0.2383 +- 0.0034  6.8365 +- 41.2973
 YN:   5.7122  1.9866  0.0367 0.2510 +- 0.0035  6.8466 +- 41.5751
 YN:   5.5677  1.9866  0.0377 0.2574 +- 0.0035  6.8246 +- 40.9715
 YN:   5.7167  1.9866  0.0381 0.2609 +- 0.0036  6.8442 +- 41.5084
 YN:   5.8858  1.9866  0.0387 0.2657 +- 0.0036  6.8655 +- 42.1017
